time,x,y,z,phi,theta,psi,x_velocity,y_velocity,z_velocity,phi_velocity,theta_velocity,psi_velocity,rotor_speed1,rotor_speed2,rotor_speed3,rotor_speed4
0.06,6.98244075138e-08,6.2641082438e-07,10.0018200575,0.000532684235614,6.28288951845,0.0,1.4160044379e-05,5.05343316267e-05,0.0606667121795,0.0224387404706,-0.0172774609515,0.0,424.7617744738965,423.27784736093264,423.49006429154144,425.41534243311565
0.12000000000000001,1.03423844726e-05,1.91833560126e-05,10.0077174606,0.00180211680655,6.28213728348,0.0,0.000414867458232,0.000696778843302,0.135906603679,0.0184626652024,-0.00443208049917,0.0,428.4140715478004,429.5047860498286,429.17027282234864,428.83273826833374
0.18,5.65315008525e-05,0.000101639209788,10.0178450604,0.00381017176937,6.28212031739,0.0,0.00113742681311,0.00221258460206,0.201669769841,0.0533376961694,0.0069389077566,0.0,425.2363652931497,426.20915716948576,424.63792815160474,427.61905965241635
0.23999999999999996,0.000148296184501,0.000339436225033,10.0361686412,0.00683203686913,6.28261111503,0.0,0.00186773287803,0.00608152396844,0.409062663509,0.0436357296026,0.0105532601154,0.0,469.3032365645833,469.58352633731977,470.5500952942647,469.80000364974734
0.3,0.00027076152645,0.000869181742124,10.0655984156,0.00920788191341,6.28301482013,0.0,0.00215517143401,0.0118558265425,0.571859779053,0.0299659117438,-0.00229785063648,0.0,456.9302586526694,455.90468020912976,457.3215027423632,456.2322742731033
0.36000000000000004,0.000404244674967,0.00179496904736,10.1047295749,0.0106371134886,6.28309152107,0.0,0.00229673748181,0.0191867326042,0.73242076596,0.00721981384681,0.00761276089715,0.0,455.42077750449727,456.2126521680332,457.25844583514026,455.44313217086926
0.4200000000000001,0.000542313577303,0.00315458437697,10.1504387882,0.011333740145,0.0001355670947,0.0,0.00227136391694,0.0261886457058,0.791179820767,0.0191963143853,-0.00510652684801,0.0,425.1844699316987,424.0934687219986,423.22384758549583,424.25316451432724
0.48000000000000015,0.000676961649963,0.00496200176644,10.2006806312,0.0120003330563,6.2830433235,0.0,0.00224634527118,0.0341590590039,0.883479780541,-0.0145578764003,-0.00368136363311,0.0,436.25194886598615,436.371001051747,435.3379650341415,432.5047213204447
0.5400000000000001,0.000816483112899,0.00731234469902,10.2614246316,0.0106609858678,6.28253816588,0.0,0.00244699048295,0.0440547875211,1.14110049055,-0.0461841314317,-0.0201575406071,0.0,485.848029340764,484.61141337890245,486.2827841730143,483.9080939080236
0.6000000000000002,0.000982337428361,0.0101933755672,10.3356221905,0.0082277961335,6.28216129493,0.0,0.00316260426206,0.0516791529747,1.33195150062,-0.0311719800332,0.0125544872273,0.0,464.40819960276724,466.96674048306784,466.0102774747669,467.1813060997173
0.6600000000000003,0.00118935627396,0.0134499845854,10.4176479519,0.00651004851528,6.28314420442,0.0,0.00365232611851,0.0566990426244,1.40215824674,-0.0239757651803,0.023107989263,0.0,428.6494195208985,429.5451647485743,428.86113765018587,429.4716070912171
0.7200000000000003,0.00140451569278,0.0169667457658,10.5025336004,0.00496389246943,0.001358051614,0.0,0.00339301095738,0.0603905700004,1.42733297652,-0.0296213386844,0.0237383781095,0.0,415.6144106337891,415.66974544448,413.5619483977264,413.0642409612157
0.7800000000000004,0.00156757574792,0.0207030655989,10.5947443273,0.00367917737197,0.00354102404421,0.0,0.00181801889134,0.0639732900531,1.64606952777,-0.00865705198742,0.0540241609093,0.0,473.70073796374027,476.0241956094946,474.42777520192317,476.03451693364957
0.8400000000000004,0.00159673680082,0.0246104168834,10.6951475208,0.00307926508525,0.00678864264917,0.0,-0.00115477409136,0.0662182094222,1.70062266061,-0.0128263705973,0.0543317395583,0.0,424.93895720776044,424.96741462010914,425.1145567665668,424.7572943356802
0.9000000000000005,0.00138573888263,0.0286409165373,10.79866175,0.00329592484499,0.0103123894892,0.0,-0.00619951133861,0.0681164817222,1.74977504189,0.0247315764805,0.0663223048036,0.0,422.3925407136002,423.4278276115942,422.1836018866793,425.41160380514737
0.9600000000000005,0.000775580228507,0.0328048661833,10.9075505301,0.00491958396332,0.0139505497676,0.0,-0.014545900072,0.0708468312539,1.87964083979,0.0313537145173,0.0457386889246,0.0,450.59520176272883,448.93070712880746,448.48856772294863,449.0262268155273
1.0200000000000005,-0.000413382753168,0.037171490893,11.0245449315,0.00735543184667,0.0165470635331,0.0,-0.0253715841087,0.0749439331887,2.01992918245,0.054583976213,0.0378284040612,0.0,453.4083588448202,452.77343834131557,451.82739844038787,453.6970327302
1.0800000000000005,-0.00223691442015,0.0418097127359,11.1458383536,0.0109991917325,0.0186636260319,0.0,-0.035605474371,0.0799686861862,2.02317247838,0.0708187888636,0.0296096539295,0.0,409.02253867405364,408.2906227122129,409.05570917638573,410.50171922461436
1.1400000000000006,-0.00482872242209,0.0468900498566,11.2735296905,0.0152136508606,0.0207288381232,0.0,-0.0510095118454,0.0898715502137,2.23280840175,0.0690602284269,0.0426273434915,0.0,473.60953334294726,474.61005210272236,474.5443279126701,474.41275077239897
1.2000000000000006,-0.00837234268236,0.0526485274595,11.4125963897,0.0207863774191,0.0236396121059,0.0,-0.067413212295,0.102641289397,2.40238959731,0.119386922194,0.0582473558456,0.0,461.5817115157198,462.81401625572886,462.269189783483,466.2237868578269
1.2600000000000007,-0.0128523264134,0.0592032905309,11.5569953132,0.0274540076142,0.0269910703832,0.0,-0.0822224195404,0.116470959134,2.41086581847,0.0844653459484,0.050591904483,0.0,413.22250351836806,412.54947842089666,414.1797512994645,411.108344519234
1.3200000000000007,-0.0184244167198,0.0668491646663,11.7071480687,0.0321186393622,0.0302299695329,0.0,-0.103862354026,0.138941965983,2.593799626,0.05883766961,0.0600182725589,0.0,467.7820129412349,468.51721034763136,468.9999129986905,467.0095469007476
1.3800000000000008,-0.0253577451068,0.0759299083352,11.8677996205,0.036209206383,0.0340048758557,0.0,-0.127650031661,0.164167421221,2.76083225128,0.0822697151272,0.0681545923834,0.0,464.1043154016664,464.74513389263427,463.0619635813504,464.904695016873
1.4400000000000008,-0.0338209997076,0.0866380832534,12.0389038483,0.0408302629221,0.0379513314857,0.0,-0.154901661259,0.193302075738,2.94215039911,0.0636231829985,0.0605318634483,0.0,469.27573777893855,468.6866139212074,470.4453848227535,469.0036262589929
1.5000000000000009,-0.0439292039971,0.0991107906336,12.2188189212,0.0448575695348,0.0417151148177,0.0,-0.182411665994,0.22284935473,3.05468531348,0.0733304533473,0.0667964560942,0.0,449.09928049772793,449.6099107806861,449.18590804113654,449.9757213319292
1.560000000000001,-0.0557305958778,0.11340153371,12.4045751442,0.0489356890168,0.0460623182077,0.0,-0.211375868558,0.253921036187,3.13692013557,0.0542025208319,0.081868656209,0.0,440.04054835230784,441.2905255996893,441.47139240590036,439.89367306613786
1.620000000000001,-0.0695035626987,0.129784752336,12.5982975615,0.0518954780824,0.0505915100573,0.0,-0.248244035848,0.292515683072,3.31992471785,0.0371709276964,0.0579727986227,0.0,472.6869465196242,470.8457976202658,473.1108725322132,471.7990208535045
1.680000000000001,-0.0855574658835,0.148517403041,12.8024072407,0.0545553053311,0.0538725687528,0.0,-0.287239019358,0.332153180209,3.48320028142,0.0557648072476,0.0471305187022,0.0,467.6639887545101,466.8205101192615,466.80779646010984,468.2575040304981
1.740000000000001,-0.103899802115,0.169567619765,13.0140530036,0.0579719917573,0.0564275393039,0.0,-0.324429704755,0.369841788043,3.57133809866,0.0592051257131,0.0314384030672,0.0,445.4948135964724,444.2107709579967,445.91191807427657,446.1950897204714
1.8000000000000012,-0.124546610422,0.192973758908,13.2314038187,0.0615983245044,0.0585070730207,0.0,-0.36398303971,0.410707892401,3.67331565316,0.0627977626272,0.0404255333339,0.0,450.2781223883207,451.0050973247855,450.12947677622645,450.4226660567702
1.8600000000000012,-0.147570597435,0.218863672701,13.4541644452,0.0655034311102,0.0610695623103,0.0,-0.403715711988,0.452648783765,3.75172559014,0.0693048453061,0.0469206067228,0.0,443.24652929839664,443.7810144058243,443.96040973609655,444.4971336761835
1.9200000000000013,-0.17304792535,0.247368125494,13.6818864725,0.0707082364635,0.0637800737461,0.0,-0.445788334384,0.497957212016,3.83864673169,0.108688275771,0.0414346926274,0.0,447.3589898680145,446.91320526776923,445.7091462094941,448.9220970159984
1.9800000000000013,-0.200870784667,0.278443254681,13.911197425,0.0775961297304,0.066287138707,0.0,-0.4818541814,0.538437474726,3.80508599587,0.124835368149,0.0424746528448,0.0,408.16450526986256,408.2584202226519,408.1124382087188,409.5641036604325
2.0400000000000014,-0.231102390796,0.312302819141,14.1414960805,0.0854586160355,0.0690493338938,0.0,-0.526110676819,0.590937870152,3.87120326537,0.141208035153,0.052346300706,0.0,441.24122569664706,442.0567327808354,440.4931615883776,441.86082211274896
2.1000000000000014,-0.26381593775,0.349182191643,14.3724538421,0.0937780935654,0.07213110852,0.0,-0.564604131644,0.639059287992,3.82742561907,0.133003072119,0.0493205846694,0.0,406.78044460860946,406.5113369382299,405.10851813050687,404.3898609861613
2.1600000000000015,-0.299337714971,0.389667497303,14.6068930499,0.101560762603,0.0751568792559,0.0,-0.619748230412,0.711262553731,3.98651378133,0.122154119642,0.0525592017523,0.0,470.21501133589413,470.46730158746374,471.62653709042456,470.8021117041588
2.2200000000000015,-0.337885813368,0.434179303892,14.8462412965,0.108629802122,0.0781301453095,0.0,-0.665459164266,0.773086351676,3.99160999688,0.107319233613,0.0427444367824,0.0,424.3979404231886,423.5562551021084,424.17597920470763,422.9130706510471
2.2800000000000016,-0.379127167805,0.482380885026,15.0845961327,0.115088414184,0.080498568624,0.0,-0.709467858879,0.834161484346,3.95356328876,0.108283821538,0.0319660528147,0.0,410.2499801230067,409.2926498946898,409.16227621761203,409.259425805766
2.3400000000000016,-0.423401740953,0.534859163807,15.3249934847,0.121376693161,0.0824911285659,0.0,-0.76652446488,0.915713460793,4.05915408601,0.09674277715,0.0355861954812,0.0,456.4912904072645,456.7804968822459,456.4528913871647,455.5400990691106
2.4000000000000017,-0.471236534591,0.592493435656,15.5728160005,0.12695258277,0.0841613304561,0.0,-0.828142781556,1.00596289077,4.20091568101,0.0839517038507,0.00405547738315,0.0,470.25833439801164,467.80950908701203,468.3864387127962,467.39729338896444
2.4600000000000017,-0.522853634616,0.65574276028,15.8297685769,0.132366217655,0.0844193434839,0.0,-0.89240572262,1.102832162,4.36340206533,0.100491040744,0.00478528726279,0.0,475.9250038394995,475.98078234660943,475.47932430942143,476.75094298650816
2.520000000000002,-0.577836004051,0.724144467207,16.0906195668,0.138350731897,0.0844201138027,0.0,-0.94036875627,1.17771662396,4.33161870887,0.0982011555149,-0.0118346142034,0.0,416.9732534588609,415.5186257755302,415.860903600063,415.66957273970496
2.580000000000002,-0.63592435225,0.797512711422,16.352231417,0.143868970708,0.0839888334308,0.0,-0.995842093784,1.26838652694,4.38840472681,0.0750567855788,0.000779466755028,0.0,444.65027832220267,445.68266943574605,446.15750105937866,444.2705399066145
2.640000000000002,-0.697272569056,0.876308653692,16.6164713706,0.148267301083,0.0841809924651,0.0,-1.04910484502,1.35850724388,4.41933202228,0.0695525299598,0.00765533673638,0.0,436.8100318059991,437.3830643101858,438.47044816543894,438.01712978322314
2.700000000000002,-0.761903625514,0.960729009739,16.8834885647,0.152314688815,0.0844048328537,0.0,-1.10528268426,1.45583070383,4.48084623956,0.0628974929889,-0.00557871736595,0.0,447.73961550828795,446.66145717704507,449.1529881906098,448.6162211582942
2.760000000000002,-0.829932503294,1.05110491215,17.1544522857,0.157087908737,0.0839309499223,0.0,-1.16228961653,1.55704857781,4.55083854134,0.100848825929,-0.0129951929627,0.0,451.9089868450567,451.31081820636877,449.96325110262285,453.03003779312456
2.820000000000002,-0.901665966126,1.14820077041,17.4330363665,0.164135262946,0.0830177683106,0.0,-1.22866942904,1.68008149767,4.73429881152,0.138704766605,-0.0200877195451,0.0,486.90527346029353,486.3744358379106,485.7340738389074,488.5753590347178
2.880000000000002,-0.976853889868,1.25183579753,17.7165587563,0.172385478993,0.0816578809772,0.0,-1.27750038077,1.77509552784,4.71630512642,0.134989024166,-0.0283931350327,0.0,425.30936108583677,424.5972437560707,427.5613665807974,427.26296207429914
2.940000000000002,-1.05504913985,1.3615170181,18.0001669738,0.180769825028,0.0804633771276,0.0,-1.32888028144,1.88163128873,4.73696929981,0.14785084367,-0.00681899931654,0.0,437.93686543146174,439.7279236233587,439.126093002651,440.21010924911474
3.000000000000002,-1.13672164997,1.47866277859,18.2899807426,0.189087006471,0.0800821420088,0.0,-1.3934286975,2.02402452493,4.92233089279,0.104600560311,-0.00543957379541,0.0,490.1500161675124,490.2526417668944,492.6013252121298,489.4069581712461
3.0600000000000023,-1.22172463039,1.60326067237,18.5843017969,0.195290677716,0.0793741164003,0.0,-1.43998539233,2.1297215382,4.88829609348,0.10086843564,-0.0292436241081,0.0,425.09746695806297,423.052467902536,424.75112300609624,424.44072040185887
3.1200000000000023,-1.30984099745,1.73511460273,18.8806775699,0.201142960297,0.0774679101539,0.0,-1.49700989345,2.26586029578,4.99017476022,0.0898759387785,-0.037372735737,0.0,468.6016113254031,467.96885646853593,468.4139854358515,467.5658118260563
3.1800000000000024,-1.40121673218,1.87492348828,19.1815614829,0.206589790981,0.075316927162,0.0,-1.54863168779,2.3948292265,5.03882623726,0.092529706117,-0.0329661551304,0.0,452.62043614677157,452.97444837398126,453.1908304140928,453.4108484819365
3.2400000000000024,-1.4954821941,2.02209536441,19.483108934,0.212257842356,0.0735910412216,0.0,-1.5934162613,2.5113161362,5.01264447898,0.0980833547484,-0.0214654845561,0.0,429.67814426276533,430.6519234257552,429.0252074502359,429.5044729211909
3.3000000000000025,-1.59272972548,2.17725941951,19.7872947606,0.217649172021,0.0722963853909,0.0,-1.6480005765,2.66120866238,5.12604617151,0.0633783970785,-0.0218027493914,0.0,475.2909011044932,475.2650761034408,474.82876613724613,472.1642146514115
3.3600000000000025,-1.6929278658,2.34060674798,20.0941880772,0.221096083839,0.0710454094052,0.0,-1.69184870974,2.78393624276,5.10362698213,0.0416662136158,-0.0190085380465,0.0,433.36547691432554,433.60032664639743,433.428504274727,431.6018039892518
3.4200000000000026,-1.79604337773,2.5122961542,20.403886499,0.223084987405,0.0700710055347,0.0,-1.74519386205,2.93905096283,5.21887514541,0.00477606304193,-0.0112101530095,0.0,476.74318337703215,477.33886864615664,477.9687791381255,475.1488389179549
3.4800000000000026,-1.90212395148,2.69261147941,20.717416687,0.223613013419,0.0691681641801,0.0,-1.79076406196,3.07136234755,5.23192178197,0.0158309042075,-0.0241075850326,0.0,446.9287549301041,445.87619717190466,446.0403098048353,446.9422790663507
3.5400000000000027,-2.01132618046,2.88214645368,21.0373853943,0.224336354149,0.0684773227861,0.0,-1.84913254634,3.24620641629,5.43249423826,0.00316925118788,0.0060790515529,0.0,502.82628264780584,505.00880578932885,504.140299609641,503.2243226890357
3.6000000000000028,-2.12349682884,3.08045275662,21.361875001,0.224799053552,0.0691597508886,0.0,-1.88996188884,3.36395341344,5.38392527145,0.0155245774916,0.0202821875355,0.0,428.0783829473606,429.28545110510964,429.3275183249437,430.37468327740373
3.660000000000003,-2.23842701742,3.28675011343,21.6875450152,0.225670486021,0.0702349471358,0.0,-1.94113649396,3.51246389185,5.47107894354,0.0124434184197,0.012719064876,0.0,472.61478826583954,472.03130239875674,472.8520679323456,472.6144793874469
3.720000000000003,-2.35631516174,3.5015166326,22.0165370217,0.226766341936,0.0712674278208,0.0,-1.98855245853,3.64632586942,5.49499876502,0.0279114884341,0.0249407258079,0.0,453.68206376790783,454.6624295591902,453.60147476083563,454.8421561629022
3.780000000000003,-2.47707429438,3.72431591285,22.346960585,0.228479062151,0.0726363487977,0.0,-2.03688202043,3.78028419405,5.51876066518,0.0297836288648,0.0181847108223,0.0,455.08543109951563,454.54423804409777,454.85111309063393,455.0012550669756
3.840000000000003,-2.60079996238,3.9552797213,22.6793089519,0.230430071997,0.0738317129726,0.0,-2.08740702666,3.91847005712,5.5590570593,0.0374876514859,0.0231897660602,0.0,461.1537458586971,461.5489667013323,460.03919287986054,460.6492941808829
3.900000000000003,-2.72746736465,4.19418387163,23.0125116581,0.23251958969,0.0753963702169,0.0,-2.13498062655,4.0450342598,5.54751302223,0.0288851106752,0.0313039304818,0.0,445.0693575130047,445.73325521187724,445.5493511552476,444.8458187857442
3.960000000000003,-2.85715280042,4.44108671638,23.3466799909,0.234186994867,0.0773482903129,0.0,-2.18803638046,4.18498182048,5.5909321862,0.0255051759153,0.0348810536742,0.0,463.01266232200743,463.2944137888145,463.3850939335356,463.11942258222183
4.020000000000002,-2.98975378931,4.69546388152,23.6795654419,0.235643662089,0.079140815331,0.0,-2.23219129918,4.29429913349,5.50550022844,0.0217028438052,0.0172863115448,0.0,423.12165925170996,421.6041143583057,422.04565622547466,421.7173738643923
4.080000000000001,-3.1255622924,4.95794684876,24.0137830603,0.236767015957,0.0803583657823,0.0,-2.29483204769,4.45489317069,5.63411430331,0.0119735974992,0.0257127561962,0.0,490.0462629678851,490.6722913528681,489.23633304579585,488.5111574860297
4.14,-3.26471106775,5.22874446854,24.3502720006,0.237674974924,0.0815998489258,0.0,-2.34361126224,4.57163265076,5.58227098799,0.0208011438284,0.00804979155191,0.0,434.234936334846,432.75031668283566,436.2248123016566,436.9614262552984
4.199999999999998,-3.40674476007,5.5063444036,24.6828743215,0.23864383787,0.0822440817147,0.0,-2.39094278802,4.6816929835,5.50471381105,0.00467396030776,0.0156328553971,0.0,425.30988358225676,425.9589185846642,427.4335464639505,426.05650157252006
4.259999999999997,-3.55179334502,5.79097881119,25.012671854,0.239269799076,0.0829213492207,0.0,-2.44410600182,4.80597402144,5.48843899325,0.0199942852007,0.000752441754419,0.0,446.53834201518157,445.3223969171639,445.4855163756642,446.7366844464181
4.319999999999996,-3.69974606214,6.08219022562,25.3379656378,0.239896464021,0.0829422162393,0.0,-2.48774067204,4.90112717132,5.35526210206,-0.0272780623405,-0.000474140860916,0.0,406.637299019619,406.52736699188216,408.4609001207837,404.22193461430055
4.379999999999995,-3.85052138157,6.37963664346,25.6575632341,0.238083329702,0.0834672174738,0.0,-2.53818131924,5.01347339561,5.29822550616,-0.0368654309036,0.0227169084577,0.0,430.2000277891886,432.15967769435457,432.0296609977274,431.2199924944199
4.439999999999993,-4.00463089325,6.68456273089,25.9770861053,0.236045492338,0.0847635077249,0.0,-2.59892764467,5.15021940225,5.3521427346,-0.0287156212185,0.0192826253734,0.0,466.4609448769235,466.1926005681069,466.8134971322508,467.4487364140127
4.499999999999992,-4.16245056884,6.9977024964,26.3002169598,0.233994660469,0.0870317004141,0.0,-2.66189822169,5.2872626918,5.41839600431,-0.0483056017648,0.0606076652787,0.0,469.5967467821138,472.7926703681417,472.3044101288781,470.7902711965891
4.559999999999991,-4.32405668834,7.31884439265,26.6267705034,0.231089371839,0.090537126265,0.0,-2.72530330091,5.41687333959,5.46634551979,-0.0486541630575,0.0536550956066,0.0,467.907345093937,467.3678250032903,465.80460129891185,465.7760180858994
4.6199999999999894,-4.48939885506,7.64731103966,26.95471284,0.227933209766,0.0934090922047,0.0,-2.78639457281,5.53150186894,5.4649937305,-0.0619751743764,0.0325973540439,0.0,452.3739779393842,450.6760086433918,452.8809170103591,451.80611506124313
4.679999999999988,-4.65796506195,7.98136433841,27.2774505565,0.224208542937,0.0951713162676,0.0,-2.83272578081,5.60336382272,5.29390509131,-0.0622836898641,0.0219779353181,0.0,394.7913366958469,393.8103475305508,393.4992285694485,393.4673423736109
4.739999999999987,-4.83030065736,8.32185980075,27.5997115689,0.220651737221,0.0968188891143,0.0,-2.9119102526,5.74563460144,5.44723196729,-0.0538658105785,0.0366319413915,0.0,497.13031134425165,498.20322530834994,496.3760861552402,496.99149819588166
4.799999999999986,-5.00696113364,8.66970419912,27.9264255309,0.218276541935,0.0992735186342,0.0,-2.97701058133,5.84870616243,5.44318989147,-0.0203791373833,0.0483259456981,0.0,450.59107356312063,451.53652657001277,449.6595396408992,452.363778321601
4.859999999999984,-5.1878145456,9.02415696447,28.2551737191,0.216957304054,0.102184986095,0.0,-3.05170430689,5.96592814083,5.51450893198,-0.0254145921273,0.0489184250606,0.0,474.8067647113581,474.8535065676508,474.9105543061568,474.5240907925007
4.919999999999983,-5.37296157581,9.38504242547,28.5857878931,0.21501604083,0.105240103137,0.0,-3.1201562507,6.06321328598,5.50588583218,-0.0522163395271,0.054644414855,0.0,450.7375640617283,451.20180043096474,452.041959447482,449.8759214361588
4.979999999999982,-5.56239157484,9.75190722894,28.9169238508,0.211650746123,0.108224032946,0.0,-3.19448390607,6.16503247963,5.53175859431,-0.0652425457126,0.0374469218968,0.0,462.5555056721451,461.20025428311806,462.6193972629392,461.5902484450044
5.0399999999999805,-5.75605293967,10.1242124448,29.2470200449,0.207739808992,0.110218178293,0.0,-3.26115285831,6.24466573228,5.47180312181,-0.0650620949936,0.0231000269198,0.0,436.0595785367189,434.8595502963736,433.9659218109936,433.9778304989959
